==============================================================================================================
width-sweep DD results summary
==============================================================================================================

Width      Params          Train Acc    Test Acc     Test F1      Test Error   Time (s)  
--------------------------------------------------------------------------------------------------------------
1          34,522          0.9904       0.3957       0.3960       0.6043       35.2      
2          136,874         1.0000       0.4857       0.4860       0.5143       36.1      
3          307,066         1.0000       0.5032       0.5028       0.4968       38.7      
4          545,098         1.0000       0.5355       0.5352       0.4645       40.7      
5          850,970         1.0000       0.5379       0.5376       0.4621       44.0      
6          1,224,682       1.0000       0.5394       0.5398       0.4606       45.0      
7          1,666,234       1.0000       0.5483       0.5480       0.4517       46.5      
8          2,175,626       1.0000       0.5470       0.5464       0.4530       44.9      
9          2,752,858       1.0000       0.5484       0.5480       0.4516       50.6      
10         3,397,930       1.0000       0.5493       0.5489       0.4507       56.0      
12         4,891,594       1.0000       0.5311       0.5311       0.4689       57.3      
14         6,656,618       1.0000       0.5313       0.5309       0.4687       62.5      
16         8,693,002       1.0000       0.5350       0.5345       0.4650       73.2      
18         11,000,746      1.0000       0.5263       0.5263       0.4737       85.0      
20         13,579,850      1.0000       0.5241       0.5233       0.4759       105.4     
24         19,552,138      1.0000       0.5271       0.5263       0.4729       119.5     
32         34,753,034      1.0000       0.5041       0.5033       0.4959       172.1     
40         54,295,690      1.0000       0.4789       0.4778       0.5211       247.9     
48         78,180,106      1.0000       0.3986       0.3980       0.6014       339.8     
64         138,974,218     1.0000       0.4474       0.4480       0.5526       468.0     
80         217,135,370     1.0000       0.4288       0.4283       0.5712       808.6     
96         312,663,562     1.0000       0.4244       0.4227       0.5756       1060.1    
128        555,821,066     1.0000       0.4254       0.4247       0.5746       1440.7    
==============================================================================================================
